3.807756800000000000e+07
3.763381600000000000e+07
3.769161600000000000e+07
3.683237600000000000e+07
3.711428000000000000e+07
3.685573200000000000e+07
3.750952000000000000e+07
3.731855600000000000e+07
3.735565600000000000e+07
3.705133200000000000e+07
3.703157200000000000e+07
3.620599200000000000e+07
3.705439600000000000e+07
0.000000000000000000e+00
0.000000000000000000e+00
0.000000000000000000e+00
3.804115200000000000e+07
3.793450800000000000e+07
3.789340800000000000e+07
3.769953600000000000e+07
3.711564800000000000e+07
3.705032400000000000e+07
3.617320000000000000e+07
3.685959600000000000e+07
3.748435200000000000e+07
3.730985600000000000e+07
3.789710400000000000e+07
3.685674400000000000e+07
3.772649600000000000e+07
0.000000000000000000e+00
0.000000000000000000e+00
0.000000000000000000e+00
3.787472000000000000e+07
3.786438800000000000e+07
3.740129600000000000e+07
3.677878800000000000e+07
3.692753600000000000e+07
3.643168000000000000e+07
3.616030800000000000e+07
3.659032000000000000e+07
3.783647200000000000e+07
3.857980800000000000e+07
3.823959200000000000e+07
3.752709600000000000e+07
3.772573600000000000e+07
0.000000000000000000e+00
0.000000000000000000e+00
0.000000000000000000e+00
3.743346400000000000e+07
3.774106800000000000e+07
3.701273600000000000e+07
3.761744000000000000e+07
3.706816800000000000e+07
3.589552000000000000e+07
3.578859600000000000e+07
3.635884800000000000e+07
3.678116000000000000e+07
3.812041600000000000e+07
3.819429200000000000e+07
3.790866400000000000e+07
3.818433600000000000e+07
0.000000000000000000e+00
0.000000000000000000e+00
0.000000000000000000e+00
3.732084800000000000e+07
3.741572800000000000e+07
3.746371200000000000e+07
3.773333600000000000e+07
3.726548800000000000e+07
3.758370000000000000e+07
3.740271200000000000e+07
3.741573200000000000e+07
3.682224800000000000e+07
3.774452800000000000e+07
3.694661200000000000e+07
3.818250000000000000e+07
3.762447200000000000e+07
0.000000000000000000e+00
0.000000000000000000e+00
0.000000000000000000e+00
3.653468000000000000e+07
3.753836800000000000e+07
3.694823200000000000e+07
3.745413600000000000e+07
3.704780800000000000e+07
3.663112400000000000e+07
3.701453200000000000e+07
3.722241600000000000e+07
3.677148800000000000e+07
3.652768800000000000e+07
3.703447200000000000e+07
3.719280400000000000e+07
3.788067200000000000e+07
0.000000000000000000e+00
0.000000000000000000e+00
0.000000000000000000e+00
3.665218800000000000e+07
3.723421600000000000e+07
3.706328400000000000e+07
3.820427600000000000e+07
3.693822400000000000e+07
3.724603200000000000e+07
3.695951600000000000e+07
3.733538800000000000e+07
3.684324800000000000e+07
3.659021200000000000e+07
3.683517600000000000e+07
3.657638000000000000e+07
3.728234000000000000e+07
0.000000000000000000e+00
0.000000000000000000e+00
0.000000000000000000e+00
3.769577200000000000e+07
3.751790400000000000e+07
3.688154400000000000e+07
3.716604000000000000e+07
3.653468400000000000e+07
3.698753600000000000e+07
3.620355200000000000e+07
3.711867200000000000e+07
3.731262400000000000e+07
3.759417200000000000e+07
3.703301600000000000e+07
3.665356000000000000e+07
3.714050400000000000e+07
0.000000000000000000e+00
0.000000000000000000e+00
0.000000000000000000e+00
3.716771200000000000e+07
3.734980000000000000e+07
3.745568400000000000e+07
3.681679200000000000e+07
3.698069200000000000e+07
3.683684800000000000e+07
3.681993600000000000e+07
3.672430000000000000e+07
3.723109600000000000e+07
3.653758800000000000e+07
3.674200400000000000e+07
3.625178400000000000e+07
3.616521600000000000e+07
0.000000000000000000e+00
0.000000000000000000e+00
0.000000000000000000e+00
3.731976400000000000e+07
3.701103200000000000e+07
3.707132400000000000e+07
3.659882800000000000e+07
3.690810400000000000e+07
3.648099600000000000e+07
3.570196800000000000e+07
3.641096400000000000e+07
3.710590800000000000e+07
3.744990800000000000e+07
3.724002400000000000e+07
3.714159200000000000e+07
3.718827600000000000e+07
0.000000000000000000e+00
0.000000000000000000e+00
0.000000000000000000e+00
3.713316000000000000e+07
3.755476400000000000e+07
3.668164800000000000e+07
3.700600400000000000e+07
3.637865200000000000e+07
3.600048400000000000e+07
3.581684400000000000e+07
3.609597600000000000e+07
3.719407200000000000e+07
3.764991600000000000e+07
3.799720000000000000e+07
3.737541600000000000e+07
3.730247200000000000e+07
0.000000000000000000e+00
0.000000000000000000e+00
0.000000000000000000e+00
3.675479600000000000e+07
3.704146400000000000e+07
3.635166400000000000e+07
3.693085200000000000e+07
3.638806000000000000e+07
3.610557200000000000e+07
3.606762400000000000e+07
3.613585600000000000e+07
3.702297200000000000e+07
3.764416800000000000e+07
3.867359600000000000e+07
3.772473200000000000e+07
3.772351200000000000e+07
0.000000000000000000e+00
0.000000000000000000e+00
0.000000000000000000e+00
3.701887200000000000e+07
3.707817600000000000e+07
3.678952000000000000e+07
3.760844000000000000e+07
3.705963600000000000e+07
3.685331200000000000e+07
3.715929600000000000e+07
3.699747200000000000e+07
3.678396800000000000e+07
3.625517200000000000e+07
3.725500800000000000e+07
3.720810400000000000e+07
3.751528800000000000e+07
0.000000000000000000e+00
0.000000000000000000e+00
0.000000000000000000e+00
3.645922800000000000e+07
3.694432000000000000e+07
3.702938800000000000e+07
3.724726400000000000e+07
3.678048000000000000e+07
3.673133600000000000e+07
3.602190800000000000e+07
3.676817600000000000e+07
3.630794400000000000e+07
3.628306400000000000e+07
3.644030000000000000e+07
3.652464000000000000e+07
3.724135200000000000e+07
0.000000000000000000e+00
0.000000000000000000e+00
0.000000000000000000e+00
3.651881200000000000e+07
3.684909600000000000e+07
3.637966000000000000e+07
3.746826800000000000e+07
3.667321600000000000e+07
3.654641600000000000e+07
3.622960000000000000e+07
3.663328000000000000e+07
3.622687200000000000e+07
3.624412800000000000e+07
3.679979200000000000e+07
3.644482000000000000e+07
3.697664800000000000e+07
0.000000000000000000e+00
0.000000000000000000e+00
0.000000000000000000e+00
3.729326800000000000e+07
3.723386400000000000e+07
3.625942800000000000e+07
3.696974400000000000e+07
3.618119600000000000e+07
3.732500800000000000e+07
3.610256000000000000e+07
3.625134800000000000e+07
3.605998400000000000e+07
3.636658400000000000e+07
3.632862000000000000e+07
3.653187200000000000e+07
3.643056000000000000e+07
0.000000000000000000e+00
0.000000000000000000e+00
0.000000000000000000e+00
3.769058800000000000e+07
3.769628800000000000e+07
3.758304000000000000e+07
3.751426000000000000e+07
3.734606800000000000e+07
3.724899200000000000e+07
3.732491200000000000e+07
3.707456400000000000e+07
3.733123200000000000e+07
3.718556000000000000e+07
3.749238000000000000e+07
3.699200000000000000e+07
3.731430800000000000e+07
0.000000000000000000e+00
0.000000000000000000e+00
0.000000000000000000e+00
3.797335600000000000e+07
3.811511200000000000e+07
3.771909200000000000e+07
3.798130000000000000e+07
3.713843200000000000e+07
3.694972000000000000e+07
3.633945200000000000e+07
3.645056800000000000e+07
3.741956000000000000e+07
3.775127200000000000e+07
3.792109600000000000e+07
3.744322400000000000e+07
3.777387200000000000e+07
0.000000000000000000e+00
0.000000000000000000e+00
0.000000000000000000e+00
3.783052000000000000e+07
3.761845600000000000e+07
3.726093200000000000e+07
3.763016800000000000e+07
3.756408800000000000e+07
3.606740800000000000e+07
3.633948400000000000e+07
3.711237600000000000e+07
3.845418000000000000e+07
3.823876800000000000e+07
3.839627200000000000e+07
3.765630400000000000e+07
3.731767600000000000e+07
0.000000000000000000e+00
0.000000000000000000e+00
0.000000000000000000e+00
3.756923600000000000e+07
3.807040400000000000e+07
3.752404000000000000e+07
3.713816400000000000e+07
3.717323600000000000e+07
3.642080400000000000e+07
3.579821600000000000e+07
3.651701600000000000e+07
3.716933200000000000e+07
3.834057600000000000e+07
3.882407200000000000e+07
3.809324000000000000e+07
3.848452800000000000e+07
0.000000000000000000e+00
0.000000000000000000e+00
0.000000000000000000e+00
3.704895200000000000e+07
3.744636800000000000e+07
3.742908400000000000e+07
3.816688800000000000e+07
3.711985600000000000e+07
3.749062800000000000e+07
3.752859600000000000e+07
3.704285600000000000e+07
3.718018400000000000e+07
3.746528800000000000e+07
3.807926400000000000e+07
3.819695600000000000e+07
3.834423600000000000e+07
0.000000000000000000e+00
0.000000000000000000e+00
0.000000000000000000e+00
3.685513200000000000e+07
3.745146000000000000e+07
3.715414800000000000e+07
3.765974400000000000e+07
3.756010400000000000e+07
3.749112800000000000e+07
3.704301600000000000e+07
3.773334800000000000e+07
3.657052000000000000e+07
3.645978000000000000e+07
3.684852800000000000e+07
3.698506400000000000e+07
3.804597600000000000e+07
0.000000000000000000e+00
0.000000000000000000e+00
0.000000000000000000e+00
3.758047200000000000e+07
3.752320800000000000e+07
3.731542400000000000e+07
3.840358800000000000e+07
3.694492800000000000e+07
3.700680000000000000e+07
3.667464400000000000e+07
3.738617200000000000e+07
3.677222000000000000e+07
3.712055200000000000e+07
3.739885600000000000e+07
3.683622000000000000e+07
3.684395600000000000e+07
0.000000000000000000e+00
0.000000000000000000e+00
0.000000000000000000e+00
3.743461200000000000e+07
3.737628000000000000e+07
3.668773600000000000e+07
3.777998000000000000e+07
3.645071600000000000e+07
3.705464000000000000e+07
3.646714800000000000e+07
3.727651200000000000e+07
3.675610400000000000e+07
3.715996800000000000e+07
3.677332400000000000e+07
3.688341600000000000e+07
3.686544000000000000e+07
0.000000000000000000e+00
0.000000000000000000e+00
0.000000000000000000e+00
3.825320800000000000e+07
3.768619600000000000e+07
3.771331200000000000e+07
3.735038800000000000e+07
3.781465200000000000e+07
3.738606400000000000e+07
3.780756800000000000e+07
3.730998400000000000e+07
3.722818400000000000e+07
3.767372000000000000e+07
3.709066000000000000e+07
3.661169200000000000e+07
3.750584800000000000e+07
0.000000000000000000e+00
0.000000000000000000e+00
0.000000000000000000e+00
3.807420400000000000e+07
3.804065600000000000e+07
3.785624000000000000e+07
3.782060000000000000e+07
3.722012000000000000e+07
3.681773200000000000e+07
3.638846400000000000e+07
3.697959600000000000e+07
3.790931200000000000e+07
3.761093600000000000e+07
3.784308800000000000e+07
3.766881600000000000e+07
3.747306000000000000e+07
0.000000000000000000e+00
0.000000000000000000e+00
0.000000000000000000e+00
3.793796000000000000e+07
3.742850400000000000e+07
3.797797200000000000e+07
3.763146800000000000e+07
3.666194000000000000e+07
3.643159200000000000e+07
3.637838000000000000e+07
3.695016400000000000e+07
3.811708000000000000e+07
3.829646000000000000e+07
3.845792800000000000e+07
3.761534800000000000e+07
3.807845600000000000e+07
0.000000000000000000e+00
0.000000000000000000e+00
0.000000000000000000e+00
3.694442400000000000e+07
3.794316000000000000e+07
3.737041200000000000e+07
3.735299200000000000e+07
3.637348000000000000e+07
3.629438400000000000e+07
3.587094800000000000e+07
3.639207600000000000e+07
3.771065200000000000e+07
3.796297200000000000e+07
3.811440000000000000e+07
3.848123200000000000e+07
3.823159200000000000e+07
0.000000000000000000e+00
0.000000000000000000e+00
0.000000000000000000e+00
3.732042400000000000e+07
3.701381600000000000e+07
3.753284000000000000e+07
3.778224400000000000e+07
3.752620800000000000e+07
3.805398400000000000e+07
3.763405600000000000e+07
3.768685600000000000e+07
3.730808800000000000e+07
3.745237600000000000e+07
3.788072400000000000e+07
3.775356800000000000e+07
3.791728000000000000e+07
0.000000000000000000e+00
0.000000000000000000e+00
0.000000000000000000e+00
3.689109600000000000e+07
3.669128800000000000e+07
3.707256000000000000e+07
3.737331200000000000e+07
3.723892400000000000e+07
3.715430800000000000e+07
3.692941600000000000e+07
3.712590000000000000e+07
3.659812800000000000e+07
3.636506400000000000e+07
3.783720400000000000e+07
3.773307600000000000e+07
3.743040400000000000e+07
0.000000000000000000e+00
0.000000000000000000e+00
0.000000000000000000e+00
3.786707200000000000e+07
3.761568000000000000e+07
3.674689600000000000e+07
3.805404800000000000e+07
3.757047200000000000e+07
3.741927600000000000e+07
3.628835600000000000e+07
3.764676800000000000e+07
3.644708800000000000e+07
3.659681600000000000e+07
3.713708000000000000e+07
3.651206400000000000e+07
3.721562000000000000e+07
0.000000000000000000e+00
0.000000000000000000e+00
0.000000000000000000e+00
3.697857600000000000e+07
3.751502000000000000e+07
3.699942000000000000e+07
3.767279200000000000e+07
3.720080800000000000e+07
3.742369600000000000e+07
3.658785600000000000e+07
3.735235200000000000e+07
3.679028000000000000e+07
3.679261600000000000e+07
3.681796000000000000e+07
3.635905200000000000e+07
3.656506400000000000e+07
0.000000000000000000e+00
0.000000000000000000e+00
0.000000000000000000e+00
